0 0.07864583333333333 0.12482662968099861 0.07395833333333333 0.08599167822468794
0 0.16614583333333333 0.19625520110957004 0.08854166666666667 0.09292649098474341
0 0.24739583333333334 0.34951456310679613 0.103125 0.11650485436893204
0 0.3989583333333333 0.33980582524271846 0.13333333333333333 0.332871012482663
0 0.12916666666666665 0.6359223300970874 0.18125 0.24826629680998613
0 0.35520833333333335 0.6532593619972261 0.2125 0.27184466019417475
0 0.75625 0.6269070735090153 0.21041666666666667 0.27739251040221913
0 0.746875 0.2635228848821082 0.10416666666666667 0.26629680998613037
0 0.55625 0.27600554785020803 0.075 0.13592233009708737
0 0.6296875 0.27323162274618584 0.051041666666666666 0.13592233009708737
0 0.44635416666666666 0.12690707350901526 0.11770833333333333 0.11789181692094314
0 0.5515625 0.11095700416088766 0.08020833333333333 0.14979195561719835
0 0.6291666666666667 0.13592233009708737 0.0625 0.11373092926490985
0 0.9296875 0.08876560332871013 0.11354166666666667 0.08599167822468794
0 0.9536458333333333 0.3127600554785021 0.08854166666666667 0.3287101248266297
0 0.7208333333333333 0.15117891816920945 0.14166666666666666 0.10540915395284328
0 0.3385416666666667 0.15880721220527047 0.06875 0.10124826629680998
0 0.22239583333333332 0.13800277392510402 0.18020833333333333 0.1262135922330097
